"C288" "C1650" "C2036" "C2153" "C3348" "C3652" "C3956" "C5879" "C7492" "C7522" "C7525" "C8399" "C21808" "C_MN" "C_UP" "F68" "F88" "F156" "F188" "F203" "F281" "F4192" "F4230" "F4259" "F4497" "F4509" "F4627" "F4654" "F4675" "F4743"
"hsa-miR-10a-5p" 6778.0493104446 1579.6829252602 177.1509797761 4261.4772927069 12097.6662933632 2274.7959232617 4778.8976613605 17825.5054980251 30940.4128260171 14660.3891973916 17354.1186529881 52321.2627629247 58.7043123905 2155.0473684181 431.3137260042 58567.0399898498 55995.2393105935 35788.6847677318 48016.8476984776 43034.8890579856 34479.6498712601 37129.8785633989 30923.2649474683 46072.9383820341 53609.4890788663 42778.0064147169 7386.1384804872 4272.8032719369 39618.9343852422 28529.6916168541
"hsa-miR-148a-3p" 2997.0603559952 3022.8266300898 408.0187082584 3846.1844998716 3747.2630568849 2231.1058607151 1448.0874854931 2628.0602257974 3818.7338585845 2677.4962306613 2552.676055406 4027.7132378542 4634.046537275 1195.8118397644 3908.6987054149 8153.7306410211 6640.932360392 6618.4057510511 3920.7088153906 5900.6258275761 5427.4648671938 4056.5877909031 3584.4719331097 4537.562915888 5099.3603317788 4117.5335657583 3466.4425388989 407.2995924688 4686.0466155799 4625.2106653308
"hsa-miR-7641" 478.1786688984 577.447119738 485.7365574505 959.2592703818 529.8820406298 480.590688013 401.2017275825 452.3302793388 543.8388004101 504.7738795509 678.9542515789 170.6658151633 270.7586653113 160.9102035085 159.2845523085 116.8262520774 396.7358282423 104.3866843539 121.7344120193 193.8712397964 127.6573778731 148.5578517637 510.8112322161 414.3431615844 134.1591928919 246.3852068903 370.9932570108 311.2383678299 359.5508183165 424.9939341646
"hsa-miR-3607-5p" 231.0900630364 553.7423939688 185.1513466047 128.0638568215 283.4252775462 193.6926106234 447.172758868 142.7290206391 83.9482712042 124.3645790198 159.5422534629 109.7137383193 292.3235147609 82.8495988303 89.146909934 77.8841680516 61.9610734085 118.8848349586 105.1342649258 136.5396669383 79.0259958262 123.3988607392 77.1412893722 303.1779231106 53.3140766541 70.3481443219 119.2772112341 163.3040818861 74.2873591563 96.4215486998
"hsa-miR-224-5p" 81.7703299975 88.1815798615 81.1465778329 56.7139937352 58.2534167289 128.1575168035 62.6877699348 28.4037852018 85.7732336217 65.8400712458 38.3861060963 86.5519491185 83.863303415 47.8899415204 240.5655584248 127.9525617991 157.2146638723 133.3829855634 134.0308172738 158.4161881604 138.8020695922 165.3305124467 55.9574119799 70.7415153925 88.2741269191 181.7049225375 97.0669719008 55.7155102905 133.7172464814 267.7629767029
"hsa-miR-377-5p" 30.2194697817 7.5855122461 10.2861859225 39.0289849361 28.0064503504 14.5633541822 10.4479616558 19.1725550112 8.2123308787 7.3155634718 46.7830668049 15.238019211 4.7921887666 7.1834912281 15.0763156506 7.4175398144 12.947089966 2.4163584341 11.6815849918 9.0523536092 6.0789227559 11.9804719164 15.5881361944 5.0529653852 17.9170257608 7.334877607 4.1130072839 7.6848979711 10.4002302819 10.7508346982
"hsa-miR-193a-3p" 12.4433110866 4.7409451538 9.1432763755 24.393115585 8.9620641121 8.7380125093 10.4479616558 5.6807570404 6.3873684612 0 21.5921846792 6.0952076844 8.3863303415 17.7192783625 11.1433637417 1.8543849536 1.8495842809 12.5650638574 3.6889215763 3.0174512031 8.1052303412 4.7921887666 8.393611797 15.1588961555 7.4290106813 3.6674388035 4.1130072839 5.7636734783 5.9429887325 1.6798179216
"hsa-miR-196b-5p" 10.6656952171 17.0674025538 26.2869195797 25.6127713643 12.3228381542 11.6506833458 18.8063309804 7.1009463005 15.5121805486 7.3155634718 21.5921846792 4.2666453791 35.9414157493 0.9577988304 7.8659038177 0 10.1727135447 3.8661734946 1.8444607882 3.7718140038 5.0657689632 7.1882831499 4.3966537984 5.0529653852 7.4290106813 7.334877607 11.516420395 1.9212244928 13.3717246481 6.3833081021
"hsa-miR-212-5p" 7.110463478 1.8963780615 4.5716381878 6.0982788963 3.360774042 5.8253416729 0 3.5504731502 0.9124812087 0 3.5986974465 1.8285623053 4.7921887666 1.9155976608 3.277459924 16.6894645825 15.7214663872 3.8661734946 6.76302289 10.5610792107 6.0789227559 8.3863303415 7.5942201973 0 16.6060238759 6.6680705518 9.0486160247 19.2122449278 10.4002302819 15.4543248787
"hsa-miR-425-5p" 5.3328476085 13.2746464308 11.4290954694 18.9046645784 23.5254182943 14.5633541822 22.9855156427 17.7523657511 15.5121805486 0 17.9934872327 12.7999361372 14.3765662997 13.8880830409 11.7988557266 7.4175398144 1.8495842809 10.1487054233 10.4519444663 11.3154420115 8.1052303412 11.9804719164 8.393611797 0 9.1770131946 9.6687023002 5.7582101975 1.9212244928 7.4287359156 9.7429439453
"hsa-miR-10a-3p" 5.3328476085 0 0 1.2196557793 8.9620641121 0 2.0895923312 12.7817033408 17.3371429661 7.3155634718 10.7960923396 23.7713099692 0 2.394497076 0 22.2526194433 15.7214663872 9.6654337365 36.8892157634 19.6134328199 18.2367682676 29.9511797911 13.989352995 20.2118615407 23.5980339289 20.0042116555 1.6452029136 3.8424489856 5.9429887325 7.391198855
"hsa-miR-196a-5p" 0 0.9481890308 0 0.6098278896 82.8990930372 0 2.0895923312 1.4201892601 117.7100759277 43.8933808305 86.3687387167 17.6761022848 47.9218876657 0 0 0 0 0.4832716868 6.1482026272 1.5087256015 2.0263075853 0 0.7993915997 0 0.8740012566 3.0006317483 8.2260145679 3.8424489856 1.4857471831 0.6719271686
"hsa-miR-490-3p" 0 6.6373232154 0 5.4884510066 1.120258014 1.4563354182 0 0 0 0 0 2.4380830738 13.1785191081 0 0 0 0 0 0 0.7543628008 0 0 0 0 0.4370006283 0 0 0 0 0.3359635843
